mkdir -p out/./src/
g++ -I./src -MMD -MP -Wall -c src/Graphics.cpp -o out/./src/Graphics.cpp.o
g++ ./out/./src/PixelGrid.cpp.o ./out/./src/Graphics.cpp.o ./out/./src/Screen.cpp.o ./out/./src/Matrix.cpp.o ./out/./src/Vec.cpp.o ./out/./src/main.cpp.o ./out/./src/Utils.cpp.o -o out/program -lm -std=gnu11
././out/program
1
command: push
command: sphere
1234.9
0
3233
0
3996.21
0
3233
0
1234.9
0
-1234.9
0
-3233
0
-3996.21
0
-3233
0
-1234.9
0
5231.11
3233
13695.2
8464.11
16928.2
10462.2
13695.2
8464.11
5231.11
3233
-5231.11
-3233
-13695.2
-8464.11
-16928.2
-10462.2
-13695.2
-8464.11
-5231.11
-3233
6466
6466
16928.2
16928.2
20924.4
20924.4
16928.2
16928.2
6466
6466
-6466
-6466
-16928.2
-16928.2
-20924.4
-20924.4
-16928.2
-16928.2
-6466
-6466
3233
5231.11
8464.11
13695.2
10462.2
16928.2
8464.11
13695.2
3233
5231.11
-3233
-5231.11
-8464.11
-13695.2
-10462.2
-16928.2
-8464.11
-13695.2
-3233
-5231.11
0
1234.9
1.30274e-12
3233
0
3996.21
1.30274e-12
3233
-0
1234.9
-0
-1234.9
-1.30274e-12
-3233
-0
-3996.21
-1.30274e-12
-3233
0
-1234.9
Drew 42
command: display

